times_float = [ 2 2.16497e+007
                3 1.4327e+007
                4 9.9412e+006
                5 6.16606e+006
                6 4.82296e+006
                7 3.54268e+006
                8 3.35944e+006
                9 2.0597e+006
                10 2.17464e+006
                12 1.91779e+006
                14 1.1998e+006
                15 1.17096e+006
                16 1.03863e+006
                18 169197
                20 628541
                21 139916
                24 248720
                25 245958
                27 2482.09
                28 163875
                30 156053
                32 230589
                35 4797.95
                36 134267
                40 95908.4
                42 75563.3
                45 2511.98
                48 4868.29
                49 4688.5
                50 63834.2
                54 51686.5
                56 50884.7
                60 4734.83
                63 2795.34
                64 53377.1
                70 30501.2
                72 2627.61
                75 4482.39
                80 4655.68
                81 4224.01
                84 4789.06
                90 20587.4
                96 4683.5
                98 13748.4
                100 18040.8
                105 2848.24
                108 16406.8
                112 8926.66
                120 11292
                125 4004.63
                126 7605
                128 8871.55
                135 3298.87
                140 7990.01
                144 6932.25
                147 1665.98
                150 6207.95
                160 8096.65
                162 3930.63
                168 4802.04
                175 1665.45
                180 4563.52
                189 852.011
                192 4183.67
                196 2252.75
                200 4449.65
                210 2906.92
                216 2296.95
                224 2586.42
                225 1976.58
                240 2143.18
                243 1801.88
                245 1610.74
                250 2684.5
                252 1866.86
                256 2128.28
                270 1776.29
                280 1531.24
                288 1666.09
                294 2277.64
                300 2422.39
                315 841.293
                320 2179.15
                324 2101.83
                336 1041.39
                343 782.036
                350 1625.68
                360 893.394
                375 544.313
                378 1071.93
                384 2045.9
                392 1031.88
                400 1727.62
                405 727.235
                420 676.53
                432 1220.13
                441 605.926
                448 1719.69
                450 1247.28
                480 629.636
                486 1123.14
                490 1118.97
                500 1346.53
                504 940.322
                512 1283.65
                525 396.862
                540 945.721
                560 307.927
                567 210.653
                576 630.069
                588 286.622
                600 575.473
                625 241.688
                630 529.14
                640 783.452
                648 311.807
                672 372.846
                675 205.716
                686 213.421
                700 608.311
                720 594.744
                729 171.58
                735 149.769
                750 385.7
                756 387.995
                768 611.256
                784 400.679
                800 479.006
                810 376.867
                840 349.511
                864 411.126
                875 108.258
                882 194.641
                896 399.789
                900 357.891
                945 122.185
                960 317.598
                972 210.769
                980 202.233
                1000 268.494
                1008 181.008
                1024 273.243];
            
times_double = [2 2.16497e+007
3 1.39177e+007
4 1.23321e+007
5 7.27043e+006
6 6.12728e+006
7 2.74433e+006
8 3.00691e+006
9 1.69728e+006
10 1.65125e+006
12 1.3219e+006
14 961735
15 890528
16 913919
18 313260
20 548557
21 3596.75
24 230534
25 218881
27 6945.5
28 171732
30 6972.69
32 197294
35 7107.18
36 122024
40 89965.6
42 69518.9
45 7155.99
48 64931.9
49 7277
50 52073.2
54 42417.2
56 42288.3
60 40630.5
63 4034.28
64 48330.1
70 25431
72 22654.1
75 4224.61
80 22638.8
81 7442.95
84 15640.9
90 12980.7
96 14102.8
98 10748.2
100 15000.3
105 4000.32
108 11459.9
112 10822.5
120 8848.5
125 2722.61
126 5877.79
128 10065.8
135 2734.13
140 3701.13
144 6410.3
147 2427.05
150 5433.29
160 5425.36
162 3132.83
168 3803.15
175 1609.07
180 3427.25
189 1673.6
192 3813.41
196 2013.74
200 2299.61
210 1955.35
216 1948.93
224 3083
225 1468.26
240 2566.62
243 1241.58
245 1070.18
250 2530.03
252 2727.72
256 1985.03
270 1353.97
280 1223.48
288 2077.22
294 1866.74
300 2194.86
315 590.573
320 1980.33
324 1793.23
336 997.852
343 648.188
350 1274.12
360 1552.29
375 650.387
378 626.78
384 1502.35
392 1288.72
400 1346.76
405 456.262
420 548.567
432 1107.61
441 410.002
448 972.108
450 1096.26
480 547.538
486 810.007
490 889.403
500 836.777
504 789.262
512 954.514
525 238.615
540 714.807
560 341.019
567 220.339
576 610.886
588 573.507
600 601.138
625 170.463
630 381.654
640 525.94
648 499.88
672 258.517
675 213.386
686 239.455
700 254.944
720 430.335
729 137.032
735 152.618
750 220.547
756 218.452
768 375.209
784 202.435
800 362.132
810 234.397
840 187.447
864 302.796
875 94.7564
882 132.798
896 279.815
900 271.642
945 81.8579
960 237.445
972 232.597
980 238.763
1000 215.418
1008 211.96
1024 207.438];